#Gamma Cut for Ring 401
401 11
10617.2 23990.4
6226.86 14344
2114.78 4811.77
1310.92 3099.4
383.381 1215.79
74.2026 2300.29
3908.02 11718.3
7772.75 20622.7
9565.99 24104.5
10617.2 23990.4
10617.2 23990.4
#Gamma Cut for Ring 402
402 9
2325.27 5069.68
7716.68 17397.9
8926.99 19788.1
7900.06 20605.8
3718.97 11045.1
161.375 2994
1188.31 2742.41
2875.42 6264.77
2325.27 5069.68
#Gamma Cut for Ring 403
403 11
116.363 2851.26
2264.62 9136.29
4905.17 15268
8754.13 23239.3
10052 22089.6
6784.89 14808.1
2801.68 6300.36
1324.75 3234.49
966.713 2314.73
116.363 2927.9
116.363 2851.26
#Gamma Cut for Ring 404
404 8
1335.01 2994
6983.15 15133.6
10027.3 21738
9073.7 22870.2
4965.96 14567.5
638.166 3937.49
1335.01 2931.11
1335.01 2994
#Gamma Cut for Ring 405
405 9
124.699 2239.21
5809.51 16014.2
7056.5 18467.2
7900.06 17586.6
3865.67 8466.24
2618.68 5698.67
1555.07 3497.2
271.404 2742.41
124.699 2239.21
#Gamma Cut for Ring 406
406 8
88.0226 2302.11
4562.52 13938.5
7936.73 21738
9220.4 21109
4049.05 9661.33
1408.37 3560.1
418.109 2805.31
88.0226 2302.11
#Gamma Cut for Ring 407
407 8
2508.65 5258.38
6616.39 14315.9
10210.7 22618.6
9037.02 22807.3
6286.3 17146.3
1371.69 6516.36
2508.65 5384.18
2508.65 5258.38
#Gamma Cut for Ring 408
408 9
1408.37 3308.5
5332.72 11988.6
9037.02 20857.4
8120.11 21675.1
5406.07 15133.6
1335.01 5384.18
638.166 3497.2
1371.69 3056.9
1408.37 3308.5
#Gamma Cut for Ring 409
409 8
737.069 4286.51
5146.32 14347.9
8009.05 20777.7
9062 19646.5
2151.98 4703.26
1362.26 3393.49
638.354 3929.3
737.069 4286.51
#Gamma Cut for Ring 410
410 13
363.219 3577.83
2598.42 8882.89
5601.96 16161.9
7592.69 20109.9
8221.34 19986.5
7732.39 18444.3
6335.39 15174.9
5078.09 12090.6
3681.09 8759.52
2423.79 5551.81
1410.97 3639.52
433.069 3331.08
363.219 3577.83
#Gamma Cut for Ring 411
411 8
116.363 2774.61
2980.7 11129.1
8217.06 22779.4
9559.72 21629.7
2577.9 6147.07
1235.24 3081.2
161.119 2391.38
116.363 2774.61
#Gamma Cut for Ring 412
412 10
153.67 2405.78
2319.02 8204.34
5182.86 15360
7068.81 19493
7837.16 18752.8
3890.64 9561.45
1620.52 4256.39
1271.27 3269.4
572.769 3146.02
153.67 2405.78
#Gamma Cut for Ring 413
413 9
1271.27 2960.96
5497.19 13262.7
8745.21 21096.9
7941.94 21775.4
4658.99 13879.5
1830.07 6785.54
642.619 3516.14
1166.49 2837.59
1271.27 2960.96
#Gamma Cut for Ring 414
414 7
537.844 3454.46
3611.24 10733.5
6160.76 16223.6
6859.26 15606.7
1201.42 2960.96
502.919 3577.83
537.844 3454.46
#Gamma Cut for Ring 415
415 9
328.294 3454.46
3017.52 10240
5846.44 16963.9
6265.54 17642.4
6684.64 17395.7
6579.86 16223.6
1480.82 3824.58
467.994 3331.08
328.294 3454.46
#Gamma Cut for Ring 416
416 8
1061.72 2590.84
4624.07 10733.5
6544.94 15421.7
7837.16 18074.2
6964.04 19184.6
502.919 3084.34
1096.64 2590.84
1061.72 2590.84
#Gamma Cut for Ring 501
501 13
118.745 2837.59
3227.07 11041.9
6789.41 19924.8
9408.79 25970.1
10351.8 27882.4
11190 26710.4
8081.64 19924.8
5601.96 13756.1
3087.37 7710.84
1306.19 3331.08
1096.64 2899.28
153.67 2899.28
118.745 2837.59
#Gamma Cut for Ring 502
502 13
502.919 3516.14
4519.29 14373
7627.61 21775.4
9548.49 25970.1
10247 26648.7
10631.2 26216.9
9304.01 22454
7278.36 17704.1
4239.89 10178.3
2388.87 5675.18
1690.37 4071.33
502.919 3454.46
502.919 3516.14
#Gamma Cut for Ring 503
503 10
328.294 3269.4
5951.21 17704.1
8919.84 24859.8
10596.2 27882.4
11329.7 26957.1
7487.91 18074.2
3261.99 7834.22
1166.49 3269.4
363.219 3269.4
328.294 3269.4
#Gamma Cut for Ring 504
504 15
258.444 3084.34
1410.97 6168.67
3017.52 10733.5
4274.82 14126.3
6195.69 19061.2
8745.21 25106.5
11539.2 31028.4
12552 29918.1
9338.94 21467
6649.71 15483.4
4135.12 9623.13
2214.24 5181.69
1131.57 2837.59
223.519 3207.71
258.444 3084.34
#Gamma Cut for Ring 505
505 14
293.369 3207.71
2598.42 9561.45
5147.94 16285.3
7837.16 22207.2
9583.41 26525.3
10805.8 25229.9
8256.26 19308
6579.86 15545.1
4624.07 11041.9
3471.54 8142.65
2668.27 6230.36
1620.52 3947.95
328.294 3207.71
293.369 3207.71
#Gamma Cut for Ring 506
506 13
258.444 3146.02
1550.67 6847.23
3471.54 12152.3
7313.29 21713.7
9827.89 27820.7
12132.9 31521.9
12971.1 30596.6
9792.96 23317.6
5078.09 11905.5
3052.44 7155.66
1515.74 3701.2
223.519 2837.59
258.444 3146.02
#Gamma Cut for Ring 507
507 11
223.519 2899.28
3366.77 11473.7
7522.84 21898.8
10421.6 28067.5
11294.7 26710.4
8675.36 20418.3
4624.07 11103.6
2528.57 5921.93
1131.57 2714.22
258.444 2960.96
223.519 2899.28
#Gamma Cut for Ring 508
508 13
293.369 3454.46
3017.52 10795.2
5741.66 17642.4
9758.04 26772
11434.4 30966.7
12552 29301.2
9199.24 21096.9
6544.94 15236.6
3681.09 8697.83
2144.39 5181.69
1131.57 3084.34
258.444 3454.46
293.369 3454.46
#Gamma Cut for Ring 509
509 10
328.294 4009.64
4030.34 13386
8011.79 22824.1
9373.86 25846.7
10351.8 24489.6
6544.94 15236.6
2738.12 6785.54
1550.67 4009.64
642.619 4934.94
328.294 4009.64
#Gamma Cut for Ring 510
510 9
258.444 3639.52
6195.69 18752.8
9513.56 25785.1
10247 23996.1
5846.44 13632.8
2353.94 5798.55
1096.64 2714.22
223.519 3577.83
258.444 3639.52
#Gamma Cut for Ring 511
511 9
83.8196 3084.34
3995.42 13262.7
8151.49 23564.3
9164.31 26155.2
10177.1 24674.7
4100.19 10054.9
1096.64 3084.34
153.67 3454.46
83.8196 3084.34
#Gamma Cut for Ring 512
512 8
153.67 3269.4
4135.12 13694.5
9758.04 26648.7
10701 25538.3
2249.17 5490.12
956.944 2960.96
363.219 3639.52
153.67 3269.4
#Gamma Cut for Ring 513
513 8
153.67 2775.9
4938.39 15853.5
8989.69 25168.2
9967.59 23934.5
2214.24 5490.12
782.319 2097.35
83.8196 2960.96
153.67 2775.9
#Gamma Cut for Ring 514
514 8
293.369 3146.02
6370.31 19493
9059.54 26340.2
10316.8 25106.5
2423.79 5736.87
1061.72 2960.96
502.919 3577.83
293.369 3146.02
#Gamma Cut for Ring 515
515 8
153.67 2837.59
4309.74 14804.8
9513.56 27265.5
10631.2 26278.6
4658.99 11350.4
1550.67 4071.33
887.094 4996.63
153.67 2837.59
#Gamma Cut for Ring 516
516 8
537.844 3639.52
7243.44 22639
9478.64 26587
10596.2 25600
2807.97 6847.23
1306.19 3577.83
677.544 3886.26
537.844 3639.52
#Alpha Cut for Ring 401
401 14
2022.03 2642.76
8174.69 10976.3
12472.3 16855.5
17573.7 23647.9
20139.9 27072.6
18624.9 29184.6
18315.7 28842.1
17419.1 27472.2
13307.1 21079.3
9287.73 15028.9
6474.2 12232.1
2640.39 5553.8
1991.11 2585.69
2022.03 2642.76
#Alpha Cut for Ring 402
402 7
16335.6 25449
17545.9 23310.5
5149.34 7082.46
5039.31 8340.44
11200.9 17901.1
16262.2 25637.7
16335.6 25449
#Alpha Cut for Ring 403
403 9
4195.76 5698.67
4012.38 6767.96
9367.11 15070.7
16702.3 26832.8
18462.8 24128.2
15565.4 20920.3
9623.84 12806.3
4305.79 5572.87
4195.76 5698.67
#Alpha Cut for Ring 404
404 12
4819.25 8025.95
11971.1 18844.6
17289.2 27336
18646.2 27336
19453.1 25637.7
18939.6 24379.8
17105.8 22555.7
9550.49 12491.8
4819.25 6264.77
4709.23 7774.35
5002.64 8277.54
4819.25 8025.95
#Alpha Cut for Ring 405
405 13
4085.73 5572.87
10944.2 14253
16115.5 20417.1
18352.8 23687.9
17986 24820
17179.1 25574.8
14648.5 22807.3
12411.2 19473.6
9147.05 14315.9
5809.51 9724.23
4525.85 7522.75
4929.28 6767.96
4085.73 5572.87
#Alpha Cut for Ring 406
406 11
5296.05 7648.55
13144.8 17838.2
17435.9 24065.3
16922.4 25386.1
15822.1 26015.1
14905.2 25637.7
11934.4 20417.1
7936.73 13686.9
5882.87 10416.1
5406.07 7774.35
5296.05 7648.55
#Alpha Cut for Ring 407
407 12
17692.6 27021.5
18499.5 26329.6
18866.2 24757.1
16995.8 22492.8
13218.1 17523.7
8193.47 10919.3
6433.01 8529.14
5956.22 9598.43
11017.5 17397.9
15125.3 23687.9
17435.9 27084.4
17692.6 27021.5
#Alpha Cut for Ring 408
408 16
5186.02 8717.84
8890.32 14253
11971.1 19284.9
14685.2 23625
17032.4 27524.7
18646.2 25700.6
18132.7 23813.7
17179.1 22492.8
15968.8 21675.1
12851.3 17209.2
10064 13624
8156.79 11233.8
5772.84 7774.35
5296.05 8780.74
5296.05 8843.64
5186.02 8717.84
#Alpha Cut for Ring 409
409 12
4030.34 4564.82
13879.2 17889.2
18908.4 24736.4
18943.3 26401.9
18105.1 27388.9
17406.6 27512.3
14507.8 23132.5
10980.4 17580.7
7348.21 12214
6859.26 11535.4
7872.09 9869.88
4030.34 4564.82
#Alpha Cut for Ring 410
410 14
5776.59 10610.1
10212.1 17642.4
13495 23009.2
15415.9 26278.6
17232 26895.4
18140 25291.6
14996.8 20788.4
12552 17087.2
7732.39 10240
4903.46 6106.99
4344.67 5366.75
3576.32 7710.84
5776.59 10795.2
5776.59 10610.1
#Alpha Cut for Ring 411
411 12
15730.2 26216.9
16673.2 26340.2
17581.2 24798.1
16952.6 23317.6
11923.4 16100.2
7732.39 9808.19
4100.19 4688.19
3087.37 6477.11
10701 18506
15625.4 26216.9
15625.4 26216.9
15730.2 26216.9
#Alpha Cut for Ring 412
412 13
13774.4 23626
14787.2 23996.1
15520.7 22639
15276.2 21343.6
12482.2 17210.6
9199.24 12522.4
6405.24 8327.71
3227.07 3701.2
2563.49 5736.87
8326.11 14804.8
12552 22145.5
13599.8 23564.3
13774.4 23626
#Alpha Cut for Ring 413
413 12
17406.6 24489.6
10631.2 14064.6
2877.82 3516.14
2633.34 5798.55
8989.69 15791.8
14577.7 25106.5
15835 26710.4
16673.2 26895.4
17197.1 26525.3
17581.2 25414.9
17371.7 24304.6
17406.6 24489.6
#Alpha Cut for Ring 414
414 11
9059.54 15174.9
12866.4 21343.6
13495 21158.6
14333.2 20294.9
14263.4 18752.8
11085.2 14311.3
7837.16 9499.76
2982.59 2899.28
2528.57 5490.12
9269.09 15483.4
9059.54 15174.9
#Alpha Cut for Ring 415
415 13
2738.12 5921.93
10456.5 19061.2
13390.2 23564.3
14403.1 24489.6
15485.7 22824.1
14787.2 20788.4
13285.5 18691.1
10107.3 13694.5
5741.66 6538.79
4204.97 3824.58
2633.34 4256.39
2633.34 5675.18
2738.12 5921.93
#Alpha Cut for Ring 416
416 15
13599.8 22515.7
14368.1 22824.1
15031.7 22145.5
15066.6 20109.9
10840.7 14434.7
7278.36 9067.95
3052.44 3516.14
2423.79 3269.4
2214.24 4934.94
5217.79 10301.7
7802.24 13632.8
11609.1 19678.1
13180.7 22145.5
13739.5 22515.7
13599.8 22515.7
#Alpha Cut for Ring 501
501 18
4868.54 6970.6
11085.2 15976.9
15241.3 21898.8
18698.8 26710.4
21842.1 31336.9
22400.9 32138.8
22365.9 33681
21842.1 34544.6
20689.5 34544.6
20026 34051.1
18698.8 32015.4
15800.1 27512.3
13529.9 23379.3
10805.8 18691.1
8291.19 14496.4
5147.94 9684.82
4903.46 6908.92
4868.54 6970.6
#Alpha Cut for Ring 502
502 9
19495.4 32666.8
21419.9 31977
21509.4 29141.1
12155.5 16494.4
4994.69 6913.53
4636.64 8369.82
13050.6 22549.5
19182.1 32666.8
19495.4 32666.8
#Alpha Cut for Ring 503
503 14
21632.5 31336.9
16393.8 24119.5
8221.34 12275.7
4833.62 7217.35
4519.29 8142.65
10212.1 17580.7
13529.9 23379.3
19187.8 32755.7
19886.3 33804.3
20654.6 33619.3
21388 33064.1
21632.5 31460.2
21632.5 31460.2
21632.5 31336.9
#Alpha Cut for Ring 504
504 14
21632.5 35654.9
22889.8 34791.3
23762.9 33310.8
21562.7 30843.4
16812.9 24366.3
12552 18012.5
6649.71 9129.64
5078.09 6847.23
4484.37 8327.71
10002.5 16963.9
14822.2 25106.5
19606.9 33681
21632.5 35654.9
21632.5 35654.9
#Alpha Cut for Ring 505
505 13
19327.5 31830.4
20549.8 31460.2
21108.6 29671.3
18803.6 26895.4
14368.1 20603.4
6021.06 8204.34
4484.37 6230.36
4065.27 7587.47
9932.66 17025.5
16393.8 27820.7
18175 30843.4
19327.5 32015.4
19327.5 31830.4
#Alpha Cut for Ring 506
506 15
19083 27512.3
21143.6 30596.6
22820 32323.9
22296.1 34236.1
20899.1 34606.3
20235.5 34544.6
18768.7 32015.4
16358.9 27882.4
13809.3 23996.1
9932.66 17272.3
5043.16 9067.95
5532.11 7834.22
14193.5 20850.1
19222.7 27697.3
19083 27512.3
#Alpha Cut for Ring 507
507 14
19956.1 33310.8
21178.5 33125.8
22051.6 31336.9
19257.6 27635.7
14053.8 20480
7313.29 10178.3
4903.46 6538.79
4239.89 7710.84
10701 18444.3
14472.9 24859.8
18349.6 31583.6
19502.1 33434.2
20060.9 33310.8
19956.1 33310.8
#Alpha Cut for Ring 508
508 14
21527.7 35346.5
23099.4 35654.9
23693.1 33372.5
20759.4 28807.7
16358.9 22700.7
10002.5 13694.5
5916.29 7834.22
5078.09 6785.54
4519.29 8327.71
13075.922207.2
18140 30966.7
20584.8 34791.3
21492.8 35346.5
21527.7 35346.5
#Alpha Cut for Ring 509
509 11
21108.6 34606.3
23867.7 34359.5
24880.5 31521.9
15939.8 18691.1
2773.04 2220.72
3157.22 7032.29
11224.9 19986.5
20549.8 34544.6
20934 34729.6
20934 34729.6
21108.6 34606.3
#Alpha Cut for Ring 510
510 11
20445.1 33619.3
22470.7 33310.8
23867.7 31953.7
23553.4 29486.3
13739.5 15915.2
7033.89 6106.99
4519.29 3639.52
3296.92 7587.47
9513.56 17395.7
20480 33619.3
20445.1 33619.3
#Alpha Cut for Ring 511
511 11
18244.8 31830.4
19537 32015.4
20654.6 30658.3
15695.3 22268.9
7383.14 9129.64
3646.17 3207.71
2528.57 5736.87
6614.79 12152.3
15590.5 27512.3
18070.2 31830.4
18244.8 31830.4
#Alpha Cut for Ring 512
512 10
19222.7 32940.7
20689.5 32385.5
21073.7 30103.1
6684.64 7710.84
3052.44 2899.28
2319.02 5305.06
7732.39 13879.5
14822.2 26216.9
19222.7 33002.4
19222.7 32940.7
#Alpha Cut for Ring 513
513 9
18768.7 32385.5
20060.9 32879
21492.8 31090.1
10596.2 13694.5
2598.42 2159.04
2179.32 5181.69
10421.6 18567.7
18663.9 32385.5
18768.7 32385.5
#Alpha Cut for Ring 514
514 10
19048.1 32940.7
20165.7 33002.4
21073.7 31213.5
20130.8 29116.1
2039.62 2035.66
2214.24 5120
7208.51 13386
16393.8 29116.1
19013.2 33125.8
19048.1 32940.7
#Alpha Cut for Ring 515
515 10
19921.2 34976.4
21143.6 35716.6
22924.7 33495.9
14752.3 20356.6
6998.96 8944.58
2982.59 2960.96
2423.79 5860.24
10037.4 18752.8
20060.9 35161.4
19921.2 34976.4
#Alpha Cut for Ring 516
516 10
19502.1 33989.4
20864.2 34112.8
22400.9 31521.9
16917.7 23194.2
7627.61 10054.9
2458.72 2590.84
2947.67 6847.23
10037.4 18814.5
19467.2 34112.8
19502.1 33989.4
